1.8756528383167301
1.875655621333538
1.8756546936702174
1.875651910626565
1.8756528383167301
1.8756509829274524
1.8756546936702174
1.875651910626565
1.875651910626565
1.875655621333538
1.8756379942002306
1.8756500552193898
1.8756287154638855
1.8756509829274524
1.8756509829274524
1.8756528383167301
1.875655621333538
1.875655621333538
1.8756509829274524
1.8756537659979466
1.875655621333538
1.875655621333538
1.875651910626565
1.875651910626565
1.8756546936702174
1.8756417054441425
1.8756528383167301
1.875655621333538
1.8756546936702174
1.8756537659979466
1.8756528383167301
1.8756546936702174
1.875655621333538
1.8756537659979466
1.8756537659979466
1.8756500552193898
1.8756546936702174
1.8756546936702174
1.8756528383167301
1.875655621333538
